  0.506871402      0.506274819    
   0.00000000       0.00000000       0.00000000       0.00000000       0.00000000       0.00000000    
           0           0
   0.00000000       7.42093660E-03
   0.00000000       0.00000000       0.00000000       0.00000000       0.00000000       0.00000000    
   0.00000000       0.00000000       0.00000000       0.00000000       0.00000000       0.00000000    
   0.00000000       0.00000000       0.00000000       0.00000000       0.00000000       0.00000000    
  -999.000000       0.00000000    
   285.000000       280.845642    
   273.149994       273.149994       273.149994       273.149994       273.149994       273.149994    
   286.428223       288.022644       284.743591       279.617249       284.482086       285.398407       282.708496       278.646423    
   282.733154       283.326721    
  -999.000000       280.825409    
  0.204349995      0.204349995      0.204349995      0.204349995      0.204349995      0.204349995      0.204349995      0.204349995    
